	angle	beam mass	bottom nodes	driver speed	height	nodes	nx	ny	size	static coefficient	top nodes	size/height	height/size	bottom nodes/nodes
0	0	0	12	0.4	5	1992	64	31	12	0.24957564701249058	64	2.4	0.4166666666666667	0.006024096385542169
1	0	0	12	0.4	5	1992	64	31	12	0.24957564701249058	64	2.4	0.4166666666666667	0.006024096385542169
2	0	0	12	0.4	5	1992	64	31	12	0.24957564701249058	64	2.4	0.4166666666666667	0.006024096385542169
3	0	0	12	0.4	5	1992	64	31	12	0.24957564701249058	64	2.4	0.4166666666666667	0.006024096385542169
4	0	0	12	0.4	5	1992	64	31	12	0.24957564701249058	64	2.4	0.4166666666666667	0.006024096385542169
5	0	0	12	0.4	5	1992	64	31	12	0.24957564701249058	64	2.4	0.4166666666666667	0.006024096385542169
6	0	0	12	0.4	5	1992	64	31	12	0.24957564701249058	64	2.4	0.4166666666666667	0.006024096385542169
7	0	0	12	0.4	5	1992	64	31	12	0.24957564701249058	64	2.4	0.4166666666666667	0.006024096385542169
8	0	0	12	0.4	5	1992	64	31	12	0.24957564701249058	64	2.4	0.4166666666666667	0.006024096385542169
9	0	0	12	0.4	5	1992	64	31	12	0.24957564701249058	64	2.4	0.4166666666666667	0.006024096385542169
10	0	0	12	0.4	5	1992	64	31	12	0.24957564701249058	64	2.4	0.4166666666666667	0.006024096385542169
11	0	0	12	0.4	5	1992	64	31	12	0.24957564701249058	64	2.4	0.4166666666666667	0.006024096385542169
12	0	0	12	0.4	5	1992	64	31	12	0.24957564701249058	64	2.4	0.4166666666666667	0.006024096385542169
13	0	0	12	0.4	5	1992	64	31	12	0.24957564701249058	64	2.4	0.4166666666666667	0.006024096385542169
14	0	0	12	0.4	5	1992	64	31	12	0.24957564701249058	64	2.4	0.4166666666666667	0.006024096385542169
15	0	0	12	0.4	5	1992	64	31	12	0.24957564701249058	64	2.4	0.4166666666666667	0.006024096385542169
16	0	0	12	0.4	5	1992	64	31	12	0.24957564701249058	64	2.4	0.4166666666666667	0.006024096385542169
17	0	0	12	0.4	5	1992	64	31	12	0.24957564701249058	64	2.4	0.4166666666666667	0.006024096385542169
18	0	0	12	0.4	5	1992	64	31	12	0.24957564701249058	64	2.4	0.4166666666666667	0.006024096385542169
